{
  "type": "extrinsic_calibration",
  "date": "2019_05_30",
  "method": "manual",
  "calibrations": [
        {
        "to_frame": "m3d_link",
        "from_frame": "base_link",
        "transform": [1.00000,   0.00000,   0.00000,   0.135,
                      0.00000,   1.00000,   0.00000,   0.00000,
                      0.00000,   0.00000,   1.00000,   -0.184,
                      0.00000,   0.00000,   0.00000,   1.00000]
        },
        {
        "to_frame": "base_link",
        "from_frame": "vicon/roben/roben",
        "transform": [0.991512, 0.129628, 0.00999983, -0.00167243,
                      -0.129634, 0.991562, 0.00000, 0.0135385,
                      -0.00991545, -0.00129632, 0.99995, 0.160025,
                      0.00000, 0.00000, 0.00000, 1.00000]
        },
        {
        "to_frame": "ladybug_link",
        "from_frame": "m3d_link",
        "transform": [-0.29074, -0.9568, 0.00000, 0.06318,
                      0.95675, -0.29073, -0.01, -0.20667,
                      0.00957, -0.00291, 0.99995, -0.12517,
                      0.00000, 0.00000, 0.00000, 1.00000]
        },
        {
        "to_frame": "ladybug_cam0",
        "from_frame": "ladybug_link",
        "transform": [-0.00047, 0.00106, -1.00000, -0.00033,
                      -0.08988, 0.99595, 0.00109, 0.00522,
                      0.99595, 0.08988, -0.00037, -0.06081,
                      0.00000, 0.00000, 0.00000, 1.00000]
        },
        {
        "to_frame": "ladybug_cam1",
        "from_frame": "ladybug_link",
        "transform": [-0.00126, 0.00269, -1.00000, 0.00003,
                      0.9523, 0.30516, -0.00038, -0.00036,
                      0.30515, -0.9523, -0.00295, -0.0608,
                      0.00000, 0.00000, 0.00000, 1.00000]
        },
        {
        "to_frame": "ladybug_cam2",
        "from_frame": "ladybug_link",
        "transform": [-0.00402, 0.00013, -0.99999,  0.00024,
                      0.5883, -0.80864, -0.00247, -0.00022,
                      -0.80863, -0.5883, 0.00317, -0.06109,
                      0.00000, 0.00000, 0.00000, 1.00000]
        },
        {
        "to_frame": "ladybug_cam3",
        "from_frame": "ladybug_link",
        "transform": [0.0017, -0.00085, -1.00000, 0.00015,
                      -0.59089, -0.80675, -0.00032, -0.00047,
                      -0.80675, 0.59089, -0.00187, -0.0611,
                      0.00000, 0.00000, 0.00000, 1.00000]
        },
        {
        "to_frame": "ladybug_cam4",
        "from_frame": "ladybug_link",
        "transform": [0.00215, -0.00134, -1.00000, 0.00008,
                      -0.94901, 0.31523, -0.00246, -0.0003,
                      0.31523, 0.94902, -0.00059, -0.06093,
                      0.00000, 0.00000, 0.00000, 1.00000]
        },
        {
        "to_frame": "ladybug_cam5",
        "from_frame": "ladybug_link",
        "transform": [-0.99997, 0.00699, -0.00182, 0.0005,
                      -0.00699, -0.99997, 0.00172, -0.00007,
                      -0.0018, 0.00173, 1.00000, -0.07504,
                      0.00000,   0.00000,   0.00000,   1.00000]
        }
  ]
}